m Index 1111511111 vulgaria:

6111111111111111 11. ’253 Canu 11. 535. (11111111 11 613.
- 1111111 111 mr 11. 251. 6111111536. 1111111111516.
61111111 11, 662. cneigen 11. 702. (1ης11111 11 633.
1111111111 473. (3111111111. 611. chefcbe Π. 652.
‘hamel 11621. 01111111. 616. 651. (11111 11 636.
(3111111111. 658, 6111111111 11. 616. (11111111 11 552.
Carmel 11. 618. 6111111111 11. 646. 1311111111. 610.
Carcinite 11. 524, fs) 11. 526. 01111111111111. 616. Cheme lI. 611.
(tardam 11. 526. 6111 d'ojo 11. 505. 1111111111 Π. 702. 703 70
(11161111 11 526. 6111111111 11. 622. (1111111111 11. su.
camelino 11, 709. 6111111 11, 622. 6111111111 619.
1 ’1111111111 11. 709. 0111111 11. 501. 510. 511. 1111111111. 552.
(511111111111111 639. 0111111111666. (11111111 11. 610.
(3156111. 705. Canitiello 1111111 606. (11111111 Π. 521.
(larido 11. 705. Cazzo ‹lel 111111 105. Chir de 11111 11. 509. 512
1311115ηεί1111 11. 702. - cli mare 105. Chiribito 11. 598.
1.·11111111. 629. - 1111167. 1111111111. 639.
carlino 11. 634. 0111111111 ΙΙ. 133. ehivaou marin 11. 585.
6111111111 11. 167. 61111111 11. 509. 011111 11. 626. 636.
61111111 11. 708. conchis 11. 512. 61111111 1111111111 11. 518
(31111111 11. 631. 011111 11. 705. (311111 11 652.
cnm» 11. 501. 503. -- calamita 11. 706. Chucho. 11. 519.
<tmoli 251, - commune 11. 705. 0111111 Π. 618.
(3111111111 11. 609. - della garza d'oro 11. 707. (1111111111 II. 198
(3111111111 11111197. ‚ — (di) Pietra 11. 708. Chuclet 11. 703.
(1111111101 11. 595. - mattarello 11. 705. (31111111 Π. 6-13.
011113111111111111. 614. 615. ε -- muzone II. 705. chupa 11. 626.
1.*11111111111111. 595, 667. ’ - 1111111111 Π. 707. Chuquinet 11. 310.
1111111111 11. 111. Ι - vero 11. 111. i chuselo 11. 111.
(1111131161 11. 505. 667. Cefala II. 705. 706. 707. 708. ,· Cialandruni 11. 512. 513
0111131161 11. 667. - 111 1111111111. 573. , 0111111115.
(lasthgnolodlli 595166Ξ.67 ἓὲ1111111111111ὲὲ7305. 708. , 811111ὲῖ 111111113ἐί1 15.

11111111 111111 . . 111111 . . 11111 ,1 .

cli 1111111111. 667. 1 (5111·111-1111111. 553. “ 0111111 11618.

mugen 11. 614. = 0111111111 11. 502, 0111111111. 598. 621.
11111111 11. 111. ! ceola 11. 111. , 11111111. 111.
(3111111611111 667. ³ (31111 11. 552. “ (1111111 11. 618.
1111111111 11. 111. Q 11111111. 111 ι 1111111 11. 111.
(1111111111111. 667. 1 Ceppullazza II. 610. 01111111 11. 618.
(31111111111111 11. 558. Ι (3111111111 708. Ι (11111111 11. 639.
(tat 11. 529. Ξ 0111111111. 672. ἲ Cicada di 1111111187.
1111111111ιί1 11 508. 01111111 1111111111 Π. 640. 1 0111111111 1811.
111111111111111111. 508. Cerni 1111111511 641. · 0111111 11. 515. 580.
-- 1111111111. 509. 0111111 11. 610. ἶ - 1111111111515.
011111111111111111111 87. - 111 1111111111 11. 610. , - di sangu 11515.
(11.1111111111 666. 667. - 1111111610. 0111111161 11. 582.
1111111. 111. 1111111 11. 111. 1 1111111111 11. 111.
(1111111111111. 642. 614. 1111111111. 610. (111111111111. 703.
canusinus 11. 550. (1111111161 1111111111 Π. 610. Cicireddu II. 581. 582.
1111111111 11. 706. Cernjak II. 679. ⁵ Uicirello 11. 581.
‹vnvm-h 11. 522. 521. (3111111) ,6111111111 Π. 641. Cicirimirro ΙΙ. 512.
(1111111111 (li 111111 11. 536. 1111111, 620. Ciepa 11. 552.
73331131· ⁶⁶³· ⁶⁷⁹· 1881111213 ΙΙ11140· *S{{}2‘}0¹¹1·1⁰'30
-111111 11. 111. ² -- imperiale 11. 111. ἶ 1111 11. 113.
(111111 11. 536. 656. ’ 1311111111 703. (11111187.
1111 11. 111. 1111111 111 11. 111. 11111 11. 111.
1111111111. 656. 657. f (11111 11, 516. 11111111 ΙΙ. 671.
1111111111 11. 536. ι (1111 11. 663. , 111111. 552.
(31111111 111 11111111 586. Ι 06111111 11. 703. 1111111111 Π. 702.
(1111111111 domare 11. 536. (1111111111 ΙΙ, 670. 0111111111 11. 716.
(1111111 sturno 11. 536. 0111111111· 187. - balas-ae 11. 706.
1311111111 11. 656. 61111111. 613. - 1111111. 718.

 

