728 Index nominum vulgarium

011111510511. 556, 709. 01515115 1151511015 Π. 570. esca 5511115 m. 213.
- 0111151511. 705, 011150511. 621. - 01 515115 251.
6111115505 imperiali 11. 556. 0111511111. 621. - 01111115151111151
(11111151 11386391396502. -115111111 1150011 11. 624. - 01 sango 511115 1515
Curti-curri 11. 617. 011115 1511155 11. 532. eoppa 251.
0511015110 11. 619. 015101. 11015111 11. 711. - 01 [15111209.
0011115555 11. 556. 703. 00111555 11. 631. 696. -- 51 palo 1511115 210.
- imperiali Π, 556. 0011111 11, 713. - 51 ponte 251.
- 151151115 Π. 70-1. 001551111601. - rossa 237.
- 1151101511, 703, 0015511511. 515. 606. 702. 0555111515115 11. 515.
- 1115115101511. 703. 0015511511. 506. 0155111 11. 1107.
0111115115 11. 703. 00111515 11, 596. 597. 598, 0555111. 515.
01151011 11. 509. 600. 601. 606. 613. - 501111 11. 515.
0511511151105 ΙΙ. 558. - 05 0115111510 11. 598. -11151111, 515.
0111111115 11. 598. = 00515115 H. 606. - 1511151 11. 515.
0151111115 11. 598. - 01 115110 11. 006. 1115015110 11, 575.

’ 01 grotta 11. 595. ; 015015111. 575.
05115111, 651. 652. - 51 sasso 11. 598. 0550111111 Π, 555.
05111011. 621, 652. “ 0011511155 11, 606. 05501115 11. 611.
0511111011. 624. . 001555 11. 628. - morena 11. 011.
0511151 11155511. 149, 001500 11. 666. - 10115 11. 610.
051111011511151511. 149, j Dormigliosi 11. 528. , 0150115115 11. 611.
0511510 0511151511. 119. . Dormihouso 11. 528. 0150111115 11. 611.
051101011. 149, , 001 Π, 661. 05501101 11. 610.
0511111111 11, 715. , 0011511511 11. 707. , 0150111015 11. 611.
0511151111666. J 0011011621. : - fossa 11. 611.
0511155511. 666, ¹ 0011015 ΙΙ. 621. ; — 1511115115 11. 610.
0511150011. 629. ! 0011101150511. 702. 3 0150115115 11. 516.
0511151511. 628, 1 0011111515 11. 58001501111511011, 010.
05111111 11. 707. 1 0011111510 ΙΙ. 606. ² 0550111111. 610.
0511115 Π, 604. ἰ 0011111110115 11. 528. ¹ Escourpioun 11. 010.
nen 11. 111. 1 Dourmihoua 11. 525. 1111511511. 111. 111,
05111111. 715, 001510 ΙΙ. 696. . 01511510 11. 506.
05111110 11, 715. Ι Dracina di fangu 11. 050. 0151111115 bestia 11. 115
0510111551511. 702, — di 1111511. 650. ·. - 111110511 11. 120127.
0510151105 11, 5495110697. -— 15155511. 619. - 05 1151151 11. 113.
05111151 11. 624, ² — 15111511. 050. - 0511511111. 125.
0511111. 715. 101511511011. 691, ¹ - de 55111111. 102.
0511151 11. 621. , 0153511511. 649. , - 11151505 11. 121.
1151111115 11. 621, Draga 11. 619. 688. - 11115 11. 125.
- 115115 5010115 ΙΙ, 625. 0151111515 1515115111. 531. Escursann 11. 529.
1151115011 11. 624. 0111111115 11. 528. 05115001 11. 675.
1151151011. 621. - 1501055515515 Π. 527. , 01115151 11. 091.
05115 ΙΙ. 624. - kolobarica II. 528. 0515115110 11. 633.
0551511011. 021. -- 1115851511, 528. “ 0115115111. 631.
05111 11, 621. 01111511. 528. 1 0511515 ΙΙ. 675.
1151115511. 624. 0111011155 11. 601. : Esperlin 11. 631.
- 01510 11. 025. 0510111011551111511511511. 666. ¹ Espet ΙΙ. 653. 551,
- Ρ151011. 025. - 1511050115 11. 666. 1 01115101 11. 651.
05111151 Π. 621. 0111111111. 715. 05111801011531.
- 111555 111115 ΙΙ. 621. 011100 11. 653, 05111110 11. 535.
051115110110 Π. 624. 0111151111. 609. 0115115 Π. 511.
0511111111. 621. 1 0110115011 11. 529.
05111011. 611. 01515115 111 111515 185, . 0510111110 11, 556.
1151110111. 024. 011110 11. 157, ¹ Estourpillo 11. 527. 50.
05111011 11. 021, 0111151015 11, 511. 1 0111511110-115110-11111011ι
05111011 11. 624. - lisso 11. 511. 1 0511510 115 fanno 11. &⁸-
Desconocido II. 523. 0111515001 11. 675. ¹ - de 1050 11, 621.
1111115111 11. 105 11111101. nuperanour 11. 575. ¹ 15051511 11. 151.
0111111511. 093. 0115151011111. 675. ¹ 01111111 11. 529.
0151011 01 11151191. 0111101111 512. ι 0111111011 11. 529.
0151010 5111151511. 711. 050011151150111111511. 528. . 0111111001 11. 529.
0151511551111101 mari 11. 501. 050051111101150 11. 526. ἰ 0111111055 11. 519.

 

