142

8001010 11. 651.
1100101011 102.
8001115000 11. 581.
8000150011. 585.
noun 11 585. 586.
- 0100010 H. 585,
-· 0100010111. 585.
80001100 11. 648. j
800010010 Π. 848. 1
8000010 11 599. 60⁰. 603.
8000010 11. 596. 600.

- 0000011. 80).

80110οςςί H. 381.

8000001ιο, 01011. 509.
- 0011101. 508.

8000000 11 631.
80000100οο0 Π. 596. 598. 613.
8001101 H. 622. 823.

80510 11. 643.

80510 11. 642. 643.

80010 H. 531.

80101000 11. 623.
800010001010100011018585.
801050011. 585.

800150 50010010 11. 589.

- 10 fundo 11. 585.

- 000000 Π. 585.

- 00000 11. 585.

801050 11. 585.

- 110010 Π. 585.

- 001000011. 585.
8010501011. 585.

8010000 11. 11.

8001000111 11. 18.

8001010 11. 586. 590.
800101οΠ. 585.

- 1100101011 H. 585.

- 0100000011. 589.

- 001000 H. 588.
10000
8001010050 Π. 559.
8001101 11. 559.

- domari II. 641.

Rungu II. 541.

- di canali 11. 541.
80010100 11. 589.

800000 11. 541.

80000110 11. 886.

8000110 11. 605.

8000011. 101.

800010 11. 526.

80001011. 525.

800011011. 655.

805010 11. 552.
8050000 11. 634.
80500011. 552.
8050001011. 108.
80500 11. 651.
800050110 11. 609.
80010010 11. 643.

80010010 11. 643.

“ 800110 Π. 441.

‘gffiuffl

¹ Sagri 11. 502.
ε - 10000110 H. 504.

10100 nominum vulguim

8010ςο 1100101011 11 661.
8000111 551.
80001100 11. 551
80000 Π. 612.
. 80005 Π. 833.
f 8001 11. 833. 656.
80010 Π. 551. 553.
f - 1180000011. 518
· - 1100100110 11 551.
1 - frium 11 551.
- masculina H. 501 551.
1800101000 H. 553.
ἔ 8001010 11. 551. 553.
8110101οΠ. 553.
800101100 Π. 553.
8001011011. 553. 554.
- 001001100 11. 551
8001011100 11. 551.
80010050 Π. 553
8001100 H. 551. 553.
8001101011 558.
80011001011 558551
80011000111. 553
800100 11. 553. 551.
8001000 11 552. 553
800000 10510100 11. 531.
8000 Π. 826. 633.
ἷπ11011113000.
- 1101010 Π. 835.
- 01001011. 635.
80000011. 633.
- -000000 11. 633.
Sarga H. 633.
8000001 11. 633. 681.
- 00300 11. 633.
8000001011 833.
800100 50010010 11, 616.
8001011 11. 833.
8001ος 11. effi.
80010 11. 631.
- -'nchiuso 11. 835.
- 00001010 11. 638
8000000000 11. 611. 611
8000000000 H. 611615.
80000 11. 631.
80100011. 613.
8110055111. 892. 898.
8001111005ἰο 11. 689.
8011010111. 103.
80000 H. 631.
81000 H. 831.
80000000 11. 620.
8000000100 11. 689.
80000111. 669.
8000010 Π. 689.
- imperiale H. 611.
800010110 H. 889.
Sauro 11. 689.
- 51000011. 889.
Saum 11. 669.
- 1100101011 H. 811.
- §mx 11. 610.

8060 Π. 541.
11 633.

Sagretw 11. 001.

800010 H. 515.
80101001-οὴ IL 808.
8010000 11. 552,
80101100 11. 103.
8011110100 11. 509.
801010οο0 H. 651.
80115001 10 10010 414.
801100001 Cape 11. 181. 182.
8011000 Π. 540.
8011000010 11. 822. 633.
80100 11. 831.
8010001011. 508.
80110-500000 Π. 561.
- -500110000 11. 561.
- -10000100 11. 561.
8011010000 Π. 614.
8010010 ΙΙ. 531.
80010 I . 628. 106. 108.
80100001 11. 683.
8010010000 Π, 883.
800050110 11. 581. 838.
- peloso II. 593.
800011 Petri 010010 Π. 683.
8000000000 H. 661.
Sangae 10 ’10000 Π. 92.
8000011110 259.
8000010 II. 860.
80011010 H. 581.
8001101100 11. 581.
8001101100 Π. 609.

800 Ρ1010011. 863.
8000100011. 663.
8011010100 H. 663.

80010 1000 H. 238.
80118 Andria H. 833.
80001 11. 598.
8000010111. 103. 104.
80000011. 631.

800000 11. 631.
8000000110 II. 628s9.
80000011011. 602.
80011. 826. 633. 633.
800000 II. 552.

8000000 11. 553.
800000-’0051000 11. 635.
- 0000101011. 633.

- 000000 H. 633.
800000 ΙΙ. 609. 633.

- 1000000 II. 633.

- 0100010 11635.

- 0100010 H. 835.

- 10000 Π. 633.

- 00001010 11. 633.
Sara-g H. 833.

80000011. 611. 833.
80100011. 803. 833.

 

