Index nominum vulgarium.

1155555115 H. 595. 1155555 555111. 635. 1155155511. 020.

- 1515515 11. 614. - -5555515 11. 634. 11551511. 537.

- 5155511. 595. 1155555 ΙΙ. 541. 542. 545, 11151511. 537.
1155555115 5555 H. 595. 11555151511. 578. 1155511. 648.

- 55555 H. 614. 115551511511. 577. 11555 imperiali 11. 627.
1155551511, 519. - blanca 11. 575. 1155511. 632. ¹
1155515511511. 614. - bruna 11. 576. 11555155151511 H. 665.
11555511. 519. - 151555111. 576. 115551511. 695.
1155551511. 519. - 55555 Π. 574. 11555115 ΙΙ. 518.
1155511. 504. 618. 1155515115 Π. 578. Marcione 11. 518.

- 5555511. 522. 11555151511. 576. 577. 578. 115555511516.
1155511 11. 526. - 115555 H. 575. - 55555511. 546.
115555511. 546. - 15 5555 11. 575. 115555511. 546.
115555515 11. 545. - 5555511. 574, 115555511. 546.
11555111. 595. 11551 H. 663. 1155555111. 546.

- 555555511615. , 11515511. 660. 1155155 II. 546.
11555115 15 1551111. 512. 115155 H. 546. - 15555 ΙΙ. 546.
11555115 11. 511. 11515151 H. 707. - 1515151511 ΙΙ. 546,
1155155 H. 546. 1155511511. 517. 518. 519. - 551155 11. 546.
1155555511. 631. ’ 1155515 H. 518. 1155155511. 546.
11555155 H. 631. 115555 Π. 704. 1155155511. 631.
Hormo II. 631. 115515 15 molina 11. 597. 115555551551 H. 631.
1155555511. 631. 11555-115551555 11. 707. 11555515 ΙΙ. 635.
1155555511. 572. 630. 631. 1155511. 705. 706. 1155555511. 500.
1155555511. 631. - 55555555155555 11. 708. 1155155511, 713. 114.
11555 11. 529. 573. - 15551511. 707. 11551511. 664.

- -nuro H. 527. - -155555511, 705. —- 5515555 11. 655.
11555515551555551515511. 712. - -1555511, 708, 1155551555 11. 613.
115555 Π. 501. , - 555555551Π. 708. 111555 55555 11. 700.
11555515 412, 115551 11. 705. 1155555 1511 555 Π. 707.
11555511155 11. 622. 1155511511. 519. 115555 (0) 11. 705.
1155515 Π. 635. 11555155 555555115 H. 705. - 1511 55 lI. 707.
11555515 H. 646. -1555555511708, - 55155511. 708. .
1155111511. 635. -ν 5511555515 11. 707. 11555155511511. 577.
moscardino II. 462. 115555 15551555 H. 707. 11555155111. 703. 704.
- 55555 H. 462. Hujo 11. 518. 1155155 11. 576.
115551511. 575. - 115515 11. 518. - 151555511. 578.Ὶ
115515111. 577. 578. - 5555511. 518. 520. - de 1555515 Π. 577.
Mostella 11. 577. 11115111. 705. - 15 15555 ΙΙ. 578.
11551511511. 687. 11515511. 705. 706. - 15 5555115 11. 578.
115515115 11. 687. 11515 11. 519. 1155515 11. 81.

115515 ΙΙ. 537. - 115515 11. 519. 115515551111. 669.
115555 5555511. 578. 1151511. 531. (15) 715. 1155155 II. 609.
115555511. 500. 11515111. 705. 115515511. 609.

- 5155515111. 501. - 515155 ΙΙ. 708. 115551555511. 604.
- 5515 ΙΙ, 500. - 15 51555515 55155 Π. 707. 1155515 5555115 IL 510.
- 5555 11. 500. - 151155515555111. 706. - 5555115 11. 511.
11555155 11. 519. 115151515515 11. 706. - 5151515 ΙΙ. 511.
115555 515111. 501, 1151515 155155 Π, 707. 1115555155555511. 705.
115555-555551511. 635. 1151511 Π. 708. 115551115 ΙΙ. 621.
11555515 213. 11515115 H. 705. 1155551511. 511. 511.
11555555 11. 546. - imperiali 11. 615. 1155551511. 87.

— senza 55155 ΙΙ. 546. 1151515 55551515 ΙΙ. 705. 115515515111 258. 259.
11555555 ΙΙ. 498. - 55151555 Π. 705. 115515551511. 649.
1155555111. 504. 631. - 5151555 H. 708. 115515511. 575.
11555155 11. 519. - 1555511511. 708. - 1115555 Π. 576.
1151151550. 519. 11511 11. 706. 11551511511. 577.
11555555 ΙΙ. 631. Huljal H. 706. 11551515 15 mar 11. 511.
1155555511. 631. 1155555115 1511511 614. 115515115Π. 575.
11555555511. 631. - di 1551111. 614, - 15 5515555515 11. 576.
11555555511. 631. - 5555511. 614. 615. 11551515 ΙΙ. 511.
1155555555 ΙΙ. 631. - 55555 imperiali H. 614. 1155111 H. 575.

115555 11. 504. 115555511515555515 11. 614. 11551115 11. 571.

 

