Index nominum vulgarium. 729

1811001111. 029. 1101811. 041. (18100 11. 009.

11010 ΙΙ. 624. 1101811. 006. - bocca nera 11. 009.
11080110 11. 073. (18101811. 580. 666.

18010110 ΙΙ. 090. 111180 11. 651. ' (181010 464.

18111011, 663. Figo II. 575. 076. 664. (18110811. 528.

18001110 498. Figon 11. 651. (1811081811. 709.

- 0100010 499. 113018 11. 571. 1181108118 ΙΙ, 709. 710.
1801800 ΙΙ. 640. Figoun II. 651. (18110000811. 648.
Faggiana 11. 644. 11110118 H. 707. (1811001011. 042. 640.
1110180811. 643. 1100100008 H. 620. (18110011811. 644. 646.
-1101101181111, 644. Fiocehi 270. (18110011011. 644.

Falce 11. 700. ’ 1118181111. 620. (181100 H. 640. 648.
18101111 H. 646. 1 1101081018 11810. (18110110 ΙΙ. 080. 581.
180000 ΙΙ. 576. 1181011811. 700. (181111. 663.

18111811 11. 661. 118100 11. 702. - 00 18 018111. 663.
18010110 11. 661. 664. 1181001811. 702. (1811810011. 019.
180181011. 661. 1188000881011. 538. (18110111, 626.

18111810 ΙΙ. 661. 1188880011, 522 (1811011011. 646. 694.
18011011. 039. 661. 11810110 ΙΙ. 707. (1811100 II. 644.

- 0’11111011081Ι.664. 1181010011. 707. (1811100118 imperiale II. 642.
- 00011011. 079. 1181101000 H. 767. (181110018Π.600642643648.
- 18808811. 610. 1100108 H. 700. (18111001011. 640.

180110 11. 661. Floch 11. 702. (181110011811. 643, 644.

— 11811801 11. 664. 1108880011. 521. (1811100 H. 640.

181808 II. 644. 110088800 H. 021. 523. 0811110 001101 II. 098. 606.
181800 H. 640. 1101011. 707. (18110 003.

18101111. 018. 11010 11. 707. (181088 II. 712.
1810811011. 687. 10080011. 587. (181011 11. 708.

1811088 11. 518. 100010010 ΙΙ. 467. (18010818 11801108 88188 474.
1880180811. 644. Folpo II. 462. (1800810110 474.
1880180011. 646. — 000080188101011. 462. (18018110111. 656.
1811111111. 667. — 08118111. 462. (180181101811. 657.

1801, 1811, 507. 1010811. 647. (180181101011. 656.
18181010 11. 090. 1010101011811. 647. (1800 00 11181008.

1810010 100300 017. 10101808 11. 613. 080018-10088811. 706. 707.
1811010 11. 095. 1011800010 Π. 022. (18181100 11. 546.
1000011651. 1001080110 ΙΙ. 600. (1818 11. 703.

10181 II. 041, 1001010 H. 600. (0) 601. 08180180 11. 642.

10011 pellan 514. 118301100 11. 630. 0818108000 11. 644.
101811. 666. 1181111110 H. 432. (1811101111 Ι1. 660.

— comune 11. 715. 11810010880 11. 460. 1181111011. 618620. 621.
1010110 11. 715. 11810 11. 620. 630. (181000 11. 646.

10118018 spinosa 11. 017. 11810 H. 630. (1880101811. 631.

1011810 11. 503. 1181111111. 633. (1880101011. 631.

1011888 H. 517. 518. 11810110011. 630. (188000 Π. 669.
1011888811. 018. - 1188181110 11. 632. (1880001111. 669.

- de 1000011. 017. 018. 110111 001 10810 II. 133. (1118180010 Π. 558.

- 1101111811017. 018. 10011101011. 675. (188180001811. 008.
1011818 ΙΙ. 019. 1010818 II. 645. (188180001011 008.
10118118 ΙΙ. 017. 018. - 1100111811 ΙΙ. 647. (1881801100110 11. 003.
1011110018 II. 702. 10018 H. 522. 024. (18818011011011. 008.
10101811. 664. Fumat 11. 022. 023. 524. (188100011811. 050.

- 1100111811 H. 664. - negre H. 024. (181Π. 008. 009. 010. 011.
11808110 H. 541. 1818 11. 080. - -18110 11. 009. v
1180110811. 700. 702. 101081811. 640. (1818 010118 Π. 009. 529.
1181811. 636. 1010111. 078. (1810111. 008.

11811110 11. 664. 1010118 H. 077. (1810 II. 508.

- 1010111811 11. 664. - 000810101011. 001.

1108 ΙΙ. 071. 570. (1801181808 ΙΙ. 640. 1 - d’aigo 11. 508.
1100001110111111800111 194. (18000 1081100 11. 663. 1 - 0010008Π. 001.
110011. 601. (181 11. 663. ¹ (18100 11. 008.
110011111ῃὶ8 1010111811Π. 501. (1818181 Π. 661. 0810108018 1181088 ΙΙ. 695.
11008 11. 644. (181010811. 648. — 01110888 Π. 695.

 

