Index nominum 1010011010.

0010111οο Π. 018. 519.
- vescovo H. 019.
00000 00 mallo II. 004.
0000001010 00 1001 07.
0110001οΠ. 120.
00001οΠ. 041. 042.

01001 00111011. 708.
- 01111. 708.

- 1110000000 Π. 708.
- 10000111. 707. ·
- 1100010011. 708.

- 0111011111. 707. 708.

- 1101000011. 707. — 00 00010 11. 042. 080.
0100110011. 639. 640. 641. - 001011. 042. 080.
010111οΙ1. 640. ¹ - 0001011. 041.
οωωωηωψ-ωωω
01110111 11. 042. 1 - 101011. 042.

011100 H. 700. 706. j — 10011. 542.

01111111. 621.
01101011. 663.
0100001011. 621.
0111001010 ΙΙ. 042.
- imperiali 11. 043.
010010011011.626. 637. 1 00000011 030.
0111001011. 519. 1 Coppa-santo 11. 71.
0111010110 II. 670. , 0000000 ΙΙ. 530.
011111011. 620. 621. 1
0110110 01 01010 H. 648. .
0101010110 11. 021. 026.
010101000 H. 021.
0101010110 11. 021.
-101011, 520. ⁵
0101011 ΙΙ. 021.
01010110101011 ΙΙ. 023.
010110110 ΙΙ. 600.

01011010 H. 599.

010110110 1001101010 II. 600.
0101000 ΙΙ. 098.
0101000011. 098.

011000 Π. 113.

01001011. 133. ;
0101100011. 120.

000100 II. 030.
0000010011. 649.
0110000011. 649.
0000111010 1000011. 143.
00001011. 649.

00001011 H. 64⁴2.

0110010 11, 649.
00011010 110 010110 H. 112. 1
-- 111 Ρο011100 11. 113.
- 1110000011. 99.
— 1000101011, 118.
- 101011. 142.

- 001000101 ΙΙ. 043. 044.
1- serpet ΙΙ. 542.
1 Congrio II. 041. 042.
1 0000010 ΙΙ. 407.
. 000110000οο 021.

0010010 11011 11. 603.
00100010 270.

1 0010 Π. 601. 653.
0010011. 601.
0010011 H. 652. 603.
0010000 Π. 653.
00100111. 602. 603.
- 010000011. 053.
101001110οΙ1. 653.
0010011011. 602.

1 01110010 11. 602.
0010011011. 002.
00101110 11. 601. 603.
00101001011. 602.
00100 II. 602.

10010010 490.
·-01111010476,

- 0011110000 409.

’ 0010010 490.
001100000 II. 500.
0011001Ιο H. 000 006.
- 01 0010100 11. 703.
0010 ΙΙ. 388. 393.
- 00000011. 381.

- 010011. 382.
00 011100 11. 376.
1-11010111.388.

- 1101011. 112. 1 —- 110 Ι111001011240.
- 11001011. 112. 121. - 00110011. 374.
mmnm summum
01100111 11. 642. 643. 644. 640. ’ -- 0010 H. 401.

-- 1100111011 II. 649. 10010111011. 703.
00001000010000110000 Π. 677. 1 00100111 0010οΠ. 381.
0010101οΠ. 642. ³ 001000011. 013.
0001110011. 004. 1 0010000011 11. 000. 703.
0011110010 1101110000 ΙΙ. 083. 1 0011011011. 522.
Cosani 00 010110 11. 87. 1 00111-0011111. 643.

- 001 11010 Π. 88. 1 0010010 014.
00110-000110 ll. 039. Ι 0010010 014.

f -1101011, 039. ! 00110000 00 000110 Π. 098.
00001010 0101011011. 678. ἶ 00110 Π. 603.
00001000 111 700010 11. 679. , 0011100110 11. 097.

Ι
1

727

0011100 H. 652.

00110 01 0000110 Π. 603.
0010010 ΙΙ. 604.
coungro H. 041.

- 00010 Π. 541.
eontentio 023, .
0001001011. 705.
0001101010 ΙΙ. 702.
0001011010 Π. 023.
00101110 Π. 608.

- 1100111011 11. 609.
00110 00 0100110οΠ. 149.
—- 01010100011. 87.

- 010000010 ΙΙ. 70.

- 01000011. 81.

Μ 00 Β1100101 Π. 130.
- 01 0010010 H. 81.
- 01010 II. 81.

· * S. 01000010 Π. 70.

0011010 H. 649.
0011010110 Π. 040.
01000 00000001 016.
- 001000 518.
- 1100101111 003.

1 - 1010001016.

“ 0100010οο Π. 098.

1 0100001010 01 01011 H. 047.
0110100000 003.

1 0000100000 11. 508.

1 0110010011οΠ. 008,

1 —- 1010111011 11. 008.

1 01110110 ΙΙ. 602.
01001 H. 090.
0101011011. 602.
010000 Π. 014. 620.

1 - 00 0000011 0901011653. 000 0000010 11. 717.

000111 11. 658. ⁴
0000111011. 037.
00000 Π. 540. 648.

1 00000 ΙΙ. 642.

00011 Π. 580.

0110100 11. 609. 646.

000010οΙ1. 687.

-- 01000011. 687.

- 011001οῐ0 II. 687.

0000100 H. 580.

0111 00 0010110 67.

- 00 000101 67.

0010110011. 660.

“ 0111001011. 041. 044.

1 - 001001Π. 044.

· - 010010 H. 043.

0010000110 011.

0000010 ΙΙ. 642, 644. 640. 046.

- 1001011. 644.

0000010 11. 640.

· 00010 Π. 603.

00010 Π. 603.

, 000110 Π. 652. 653.
00002000, 100000, 00 0101 Π.
01110100 II. 014.
0010000οΠ. 603.

 

