816 Nomina specierum, Generum 515.

0551155 (0515555) 143. 0515515115 155. 0551055555 92.
officinalis (65515) H. 453. 0515555 135. 411. 113. 147. 05515155111155 92.
0550551555511. 717. 118. 153. 155. 0551015515 92-91. 96.
0111555 318. 0505511. 327. 055105515 96.
Olenii (Distomnm) 128. 055511. 577. 055155 5511155 96.
01551155 (115151) II. 376. 0555115 208. 2091. ,111 0551055115 95.
01151511 (Amphitrite) 262. 055511. 573. 055155155 11. 513.
01150555515196. Onychia ΙΙ. 119. 05515151151155 95.
0550515515 (851115) 228. 0551551111. 448. Ophiothrix 95.
0555515155 156. 055555551115 II. 14. Ophinra 92-91. 96. 97.
Oligognathue 216. 05 555555111155 11. 14. 0551515 (8011111115) 47.
5115555 (Amantia) 250. 055550515555 II. 232. - (81555550515) 47.
01150555 Π. 579. 055555155111155Π.148. 05515155 91.
0115011515 (Ρ5510515115) 195. 0555551551515 Π. 449. 150. 05515101155 91.
0115115155 31. 0551115 Il. 449. 055150115555216.
01151155 34. 0551151511 231. 05515515155 (Acherusia) 437.
011555 434. . Opalia ΙΙ. 294. - (Aega) 437.
Oliva II. 192. 5551155 (1511155515) 11. 315. ) - (30515515) 437.
01115555, v. (Gibbnla) 11. 251. - (11501155) 212. 05151515 Π. 192.
- (1155115115) 160. - (815555) II. 345. 05151505155551511181
- (1151551155) 160. 55515515115 (051155) ΙΙ. 72. 0555555555 151,
- (015505) Π. 198. - (255155) ΙΙ. 72. 05151555 116.
- (21555115) Π. 397. 0551551515 (1155515515015)ΙΙ. 0515105555 114.
5111555555550151(8155551555) 12. 0515105515 112.

11257. - (351155) ΙΙ. 302. 05551151155 (051151511511111
55155555 (051105 11. 179. - (8511515115) 14. (Τ55155115115)1115

-(5115)11.415. apennina 11. 501. 1511551111. 50.
- (nanas) 11. 551. 5555 55. Ι orbiculare (1111115115 15

- (555515555151) Π. 690. 0555115555 249. ) 0151551555(055155115)Π.8ὕ
01111 (55155115) 58. 05515555155 93. , - (Hennaea) 11. 230.

- (Cadnlus) 11. 176. 05515555151555 93. ³ - (Kellia) 11. 101.

- (Dentelinm) 11. 115. 55515151. 1 .- Lucina) 11, 154.
Olivia II. 217. 05515505155 95. l orbiculata (155515) Π. 66
01111511(.1155555)180. 055151551155 92. ’ - (9551551115) II. 131.
- (Monodonta) Π. 218. 055155155155 11. 513. 5151555555 (Bulla) Il. 190.
011111 (5515501555)176. 0551511155511. 513. - (Sepia) 11. 151.

- (0551551115) 411. 112. 0551115555 (05511155151) 87. - (Terebripora) 113.
0111011190 (Ultra) ll. 108. Ophidiaster 87. orbignyanum (Acanthosepioel
- (11111515555) II. 108. ephibi-barbati (5555115) 171. 11. 151,

5115 (Nat-ica) II. 301. 551115-15151111(1115515511. 0151511511Ι551550551115)419
- (1751515) Π. 109. 055111115511. 578. - (55155115) 110.
51051555 (0510555) Π. 616. 05511115511. 579. - (Ρ5101155) 11. 238.
Olympia 141. 055111151 11. 578. 015511. 713.

olympia (0015515) Il. 145. 55511105 (15105515) Π. 534. 01555555 398.

55551555 (Nereis) 222. - (8555551555) Π. 534. 015555111155 398. ’
05515 Π. 158. 0551115111 ΙΙ. 5 9. 580. 5155555555 (0515105551 111
055551155555Π. 116417. 055155555155 (0555155055) - (115515) 414.
05555115551155 ΙΙ. 115. 181. 015555ῑοί155 398.
05555115551555 ΙΙ. 115. 055155555515 (1105055115) 117. ( 0155151055 28.
0555105155163-165. 167. 0551555555155 159. 160. (0155555515 Il. 659,
55515105 (Α1515555155)519. 55111555515155(551550151547. 0155553 11657,
5555515155 (Bulla)11. 189. - (055155) II. 680. 0155515188.

050555 347. 0551555115 91, 0555155555 87,
055511155 ΙΙ. 437. Ophioeoma 95. 0115 273.

05550501511515 116. 0511055555 (1150551515) 113. orientale (055555) 11. 332
0555555515 137. ) 055105551155 95. ² orientalis (Dicenmnnnlll
05555151555182. 05111050515 92. Ι 608.

055555515 Π. 16. 31. 1 055155155 93. Ι - (Luam) Π. 608.
055111511511. 137. . 0511015155 92. ’0115 128.

0111111155 5, 151. (55111111515115 01. l 11515 (1155) 5, 55,
(ludina II. 213. 1 05515155 (Η5155155) 11. (015515 (1555550551) 191
051551155 155. 05510110555 238. · - (0515511515) 311.
0515511155 330. 1(051110115555351505558991.) 2- (11515) Π. aaa.

 

