16161 6661161161 vulgarium.

1616616 5161166116 11. 501, 0661116 lug-'2 11. 631.
161611 11. 656. oman hedda 11. 633.
lux 16616116 11. 511. 0611116 11 636.
11611661 11. 702. 713. 101. 06161111 11. 658.

llum 11 651. 0161611 11. 702. ·r·e Π. 103.

1161611611510. 061166· 11. 675.

061116 11. 636

06111616 11. 636.
0616116 Π, 626 5³6.

- baetarrla Π. 667.
0666161616 11. 503. 501.
0661661661 11. 501.
Oggia 11. 629. 616.
011666 11. 626.

016111. 633.

0611116 Π. 651. 653.
0611161611. 653.
0611116116 11 652. 653.
01661616 11 651.
01661616 11. 651. 652.
01611116 11. 651. 653. 666.
0165116611. 652.

- 6116161116 11. 653.

- di castro 11. 653.

- di scoglio 11. 653.
- -166616 11, 673.

- 1666611. 653.

- stella 11. 674.
0611111666 11. 652.
06611. 636.

016116 11. 628. 629.

- 116116 661666 Π. 629.
016116116 11, 638.
01611616 11. 559.

Orata 11. 623.

0166 11. 237.

0166611111 di 166111. 237.
- cli S. Ρ1611611. 237.
Organa 11. 615.

1 3113 1· 113: ⁶⁴⁶·

Ι - 1616 11. 615.

Ι 0116161 11. 237.

, 01616111, 141.

¹ 0166616 11. 617.

0161161 11. 559.
0161116 11. 557.

Ι 0111111 11705.

: Ostia 61666611. 63.

ι - 11661611. 63. 116.
- 116616 di veri 11. 65,
- 16161666 11. 67.

1 0111166611. 63.

ι 0611661111. 63.

0611666 11. 63.

736

,1616616111 11. 656.

,16616 11. 79.

,1111116166 11611161 Ι1 651.
,1611616116 1166666116 11 655
sans} 11 501.

Naridole 11. 219.

,166 11611,1 11505.
1666116 11. 571.

,16616116 11. 636.

,16616116 11. 636.

,11616 11. 595.

,16611116 11, 511.

,1661116 11. 522.
ι1661611106·101360 11. 036.
,161616 11. 501.
1166161611. 551. 554,
Nera 11. 610.

,1616 11. 610,
,1166166606 11, 661.
1111161616 11. 661.

61 1161166 6116161616 11. 621.
116116 11. 671.

Nigra ΙΙ. 670.

,11616 11. 501.

11166666 11, 511.

11116116 161 1161161 11. 688.
,1166616 11. 511.

,16661616 11. 511.

,1666 1161661611. 112.
,16616 11. 600.

,1111111111 II. 661.

,166 11 vodo 199.
1166116111, 666.

Nono 11. 551.

,1666611611 11. 162.
,166661 11. 686.

- 6161611. 554.
,1611666116 ΙΙ. 162.

·.'' rous 11. 162.

1111616 11. 606.

11166616 111 1616111 11. 666.
Nzirru 11. 659.

1116161166 11. 606.

06 11. 620.

01116116 6611116 II. 676.
0111611611. 636.
0111111. 585.

Ocea II. 653.
0611666111. 656.

- -661611, 636.
0661116116 ΙΙ. 633. 631.
066616166611, 630. 631.
0661116111 Π. 636.
0661116 di 3161661611. 215.

304, 399.

1 ostrina 11. 63.
0111166611. 620.

066616 11. 636.
0661111166 ΙΙ. 652.
0616111166 lI. 652.
0616116 11. m.

06166116 11 518.
011116 Π. tm.
016116 II. 519.

Pamin 11. 653.
Ρ666111116 11 613.
Ρ666116 11. 553.
Ρ61611 353.

Pam 11. 563.
1631611616 11. 501.
vadem 11. 351136).
116116 11. 627.
1661166116 Π. 671676.
- de 116116 11 630.
- de 1661 Π, 677. em
- de 6611611. 677.
·- 1666666161 11611).
- 1616111677.
Pagae 11. 8⁹11.

Pagar 11. 627.

166616 11. 627.

Pagau 6136616161 Π. 631
- buffo 11. 627.

- testim 11. 627.

- 16616 630.

Pagel H. 630.

Pagell 11. 630.
Pagellu 11. 630.

Pageo de 61661 11 632.
Pageu 11. 630.

· - testas 11. 627.

Pagra 11. 627.
1661611. 627.
6161611627.

Pngm 11. 627.
Pagu11.ss2.·>.

Paguru 11. 627.
Ρ611Ι616 11. 109.
Palaia 11. 553.
Pala'iga 11. 5111.
Pnlaja 11. 566. 501.

- 1161611611561593.
- 11616636 11. 593.
- de scoglio 11. 569. 531
- 616666611531561.
- verace 11. 5111.

ι Ρ616616111 11. 659.

i Ρ6166116 ΙΙ. 650.

ἐ Palamida ΙΙ, 653. 672.
1 Ρ616161111. 659.

: Ρ6161611611. 613.

1 Ρ616161161Ι. 656. 659.

1616611116 11. 656.
Ρ61616116 11, 650.
- 1616111611 11. 659.

1 Ostreghette del duro 11. 116. Ρ6166161616 11. 659.

1616611666 de 66116 11 11

0111666666 66161616 11. 648. ¹ Ϋ1111611110565.
ξ Ρ611611111Ι. 510.

1611666611. 511.
Ρ61616116 Π. 511.
- 116116 1616611501.

 

