732

1111511 ad kamena 11. 653. 1
11111516 Π. 653. h
Κ11111 11. 568. ,

11151161 11508.

11151111. 708.

11111111 11. 554.

1111111562.

1115111111. 562.

— 611111111Π. 561.

- 611111111. 562.

11111111 II. 656.

1111111111 Π. 561.

111111111652.

1111111111 Π. 540. Ι

Lucia H. 552.

111111111 11. 656.

1111111111 11. 669.

11111111 ΙΙ. 518.

111611111. 529. 530.

1116111Π. 554.

1111111111 II. 596. 597, 6991
600. 601. 604.

1111111111. 661.

Lagona 1111111 Π. 704. 1

- 1111111111 11. 703,

— 111111151111 11. 703.

- 1111611111. 703.

Laguja 11. 671.

1111151111 11. 656.

1111151161 Π. 509.

1111151161Π. 509. 1

1111511111. 561. 687. 688. 1

111115111 11, 498. J

· anbnco 11. 664. ¹

111111111. 506. 613.

111111 11. 506. 510. 513.
1111111 11. 506, 510. 613. 702.
1111111Π. 505. 506.
1111111111. 513.

111111161 11. 499.

11111111 Π. 498.

111111111 61111111. 498.
111111116111. 499.

- 61111111. 499.
11111111651 11499.
1111111111 II. 498.

1111111111 11. 498.
1111111111, 11 grande 11. 498.
- 61 1111111 H. 499.
1111111111 ΙΙ. 498.

11111111 11. 498.

1111111111 11. 498.

- 611111111. 643.
1111111111 11. 666.

- 1111111 ΙΙ. 664.
1111111111. 664.

1111111131 11. 666.

1111111111 11. 705.

1111111111 11. 694.

Lana 48.

- 61 mare 47. 48. ,

11611 nominum vulgarium.

11111 111151111 H. 700.
1111611111 Π. 666. 667.
11111111 II. 519.
1111111111 11. 519.
11116111 11. 647.
1111111111. 601.
Langaneu 11. 601. 603.
1111151111 487.
111111161 11. 702.
Lanterna 11. 491.
1111111165 11. 656. 657.
11111111 Π. 596. 599.
- 51661 H. 599.

- 1111111 516611 11, 600.
- 11111111 vindi 11. 599.

1 111111166111. 605.

ΒὛᾞΨἈ
“ffifflfflffi

— 1111111111 11. 603.
- rnssignn H. 598.

- 11111111. 599.

- 11111 H. 600.
1111111111. 671.
1111111111 11, 559. 643.
- 51111111 11. 645.

— blijedicn 11. 644.
-11111111111 Π. 644.

- krkjn II. 644.

-- 1111611111 Π. 643.
- 11111111 11. 646.

- 11111 11. 648.
-1111611111 11. 643.
1111161 1151111 Π. 648.
1111111111 11. 590.

1111115 Π. 644.
1111111111 H. 704.
11111115 6111111Π. 137.
1111111111 11. 703.

- 1111111111 11. 702. 703.
- 111611111. 703.
1111111 11. 653.
1111111111. 703.

11111111 11. 656.
111111111Π. 604.
11151111. 693.

1111111 61111111. 692.
11111111. 674.

1111111 11. 552. 672. 673. 674.
-- 51111161 11. 664. 666. 674.
- 1111111111. 674.

- 11111 11. 672.
11111111. 674.
111151111. 673. 674.
11111111 ΙΙ, 630.
11115111 ΙΙ. 459.
51111161 11. 591. 593.
1111111 11. 613.
11111111. 703.

Lente 11. 624.

i 1111131111. 523.
1111111111Π. 511.
1111111 Π. 511.
11111 Π. 599.
11111611111 11. 614.
Ι 111111 Π. 666.
j 1111111 11. 610.
“ 1111111 H. 559.
mmuffl
[1111111111. 525.
1 11111161 Π. 606.
“ 1111111165 11. 508. -dn 11. 511
1115111. 696, 597. 599. 614
11111 Π. 673.
111111 11. 674.
1111111111. 672.
11111111 Π. 672.
1111111. 508. 509. 512. 513
1111511111. 561. 1595598681
1111116111. 677.
Lingua H. 586. 591. 592591
-51111161 H. 593.

1 111111ἔὲ 11115939399. 601602. - 61111111 11. 592.
- 1 1 . .

- 61 cane 11. 593.
- 1111111111 II. 591.
Linguam 11. 586. 591.
—- 1111111 11. 689.
1 - 611111 ΙΙ. 592.
μωωηῶ
111111 Π. 587.
—- 11111111 11. 585.
- 1111111 II. 690.
-— 1111111. 587.
- 1111111111 Π. 592.
1111111111661 11. 589.
- 11111 Π. 593.
- 1111 ΙΙ. 693.
Linguattola 61 rena 11. 531
Lingonmbnon 485.
1111111 II. 646.
11111 ΙΙ. 575.
111111 Π. 664.
1111111 Π. 507.
11111111. 674. 705. 706. 70
—- bastando. II. 672.
- nigra 11. 708.
1111111. 591.
1111111111. 673. 674.
1111111111Ιὶ 658.
11111 II. 654.
11111111. 673.
- 51111161 11. 674.
1111151111 11. 600.
1111111111 II. 498.
1111111111 11. 498.
1111111111 11. 666.
Ι1111ῗι11ἒ61 11. 587. 591. 59
(ss 5 l.
11111115 11. 539.
1111111 115161 11. 705.

1- 11111511111 11. 708.

—Qmmnm
bmmwum

 

